436224
436225
436234
436235
436245
436246
436263
436264
436276
436277
436286
436287
436296
436297
436341
436342
436351
436352
436364
436365
436399
436401
436432
436433
436785
436786
436912
436913
436922
436923
436932
436933
436942
436943
436955
436975
436984
436992
437010
437015
437085
437090
437213
437235
437732
437733
437747
437748
437757
437758
437767
437768
437780
437799
437807
437811
437818
437820
437872
437873
437882
437883
437893
438009
438018
438021
438514
438537
438565
438769
438780
438784
438790
438794
438801
438806
438826
438831
438842
438848
438853
439039
439056
439082
439087
439099
439124
439285
439315
439320
439342
439375
439382
439444
439561
439566
439581
439593
439608
439631
440076
440275
440297
440305
440310
440322
440327
440332
440340
440352
440360
440365
440370
440378
440387
440392
440401
440406
440411
440478
440597
440629
440894
441078
441083
441088
441100
441105
441114
441119
441125
441133
441138
441147
441155
441160
441168
441176
441181
441186
441198
441203
441211
441216
441414
441665
441680
441685
441700
441705
441710
441719
441731
441736
441741
441746
441754
441766
441771
441779
441945
441957
441972
441984
441992
442023
442135
442230
442243
442251
442263
442278
442283
442295
442303
442308
442325
442369
442374
442423
442431
442491
442497
442509
442524
442532
442544
442549
442571
442587
442769
442798
442813
442829
442841
442856
443015
443027
443035
443040
443045
443060
443065
443070
443075
443090
443105
443112
443124
443129
443137
443150
443206
443354
443369
443374
443392
443414
443426
443475
443602
443614
443619
443634
443642
443654
443659
443674
443686
443694
443707
443712
443769
443774
443890
443905
443927
443939
443944
443960
443977
443989
444045
444050
444180
444192
444197
444212
444217
444232
444240
444269
444274
444287
444383
444451
444463
444478
444490
444981
445007
445012
445020
445024
445033
445037
445044
445049
445057
445062
445067
445077
445121
445164
445170
445178
445228
445233
445238
445246
445255
445260
445285
446227
446312
446324
446329
446347
446359
446364
446369
446374
446390
446395
446403
446409
446414
446426
446431
446436
446444
446449
446454
446507
446554
446656
446910
446918
446930
446935
446951
446958
446992
