373592
373593
373603
373602
373612
373613
373630
373631
373643
373644
373654
373653
373663
373664
373684
373685
373694
373695
373704
373705
373717
373718
373727
373728
374334
374335
374347
374365
374373
374377
374384
374387
374397
374402
374407
374425
374611
374634
374660
374668
374689
374733
374742
374862
374871
374874
374884
374886
374894
374895
374904
374922
374934
375662
375667
375675
375691
375745
375860
375865
375890
375895
375904
375912
375953
375961
376124
376125
376134
376178
376201
376403
376418
376426
376431
376436
376465
376466
376475
376579
376653
376658
376666
376670
376680
376733
376743
376907
376933
376955
376968
376974
376979
377008
377065
377070
377122
377217
377244
377253
377261
377441
377456
377461
377469
377508
377517
377522
377711
377726
377731
377743
377748
377766
377778
377783
377968
378000
378005
378020
378025
378063
378240
378273
378279
378294
378309
378501
378516
378538
378546
378551
378576
378582
378591
378685
378753
378758
378766
378778
378793
378833
378848
378854
378914
379038
379046
379070
379082
379100
379108
379293
379320
379321
379352
379374
379379
379474
379546
379565
379577
379592
379597
379609
379749
379754
379763
379845
379870
379875
379953
380009
380076
380098
380127
380144
380213
380222
380345
380350
380358
380367
380382
380394
380399
380599
380615
380637
380649
380664
380676
380684
380701
380755
380760
380897
380902
380914
380932
380937
380959
380971
381029
381076
381084
381167
381210
381237
381325
381421
381508
381518
381537
381562
381573
381672
381759
381777
381802
381811
381819
381843
381938
382024
382046
382051
382059
382068
382084
382096
382156
382161
382170
382290
382302
382320
382350
382355
382473
382488
382622
382627
382722
382795
382814
382836
382841
382846
382934
382938
383060
383064
383070
383074
383083
383102
383110
383114
383121
383344
383349
383403
383456
383573
383600
383623
383648
383652
383661
383665
383672
383769
383778
383863
383868
383873
383888
383920
383939
383944
383949
384120
384143
384161
384170
384195
384200
384257
384308
384402
384407
384422
384459
384616
384622
384630
384639
384663
384706
384711
384716
384772
384777
384827
384894
384919
384986
385019
385114
385190
385203
385208
385223
385238
385250
385332
385445
385450
385465
385480
385485
385490
385502
385507
385524
385532
385544
385562
385747
385759
385778
385821
385988
386024
386046
386054
386161
386241
386250
386268
386310
386319
386324
386421
386506
386511
386519
386523
386549
386553
386561
386582
386591
386595
386663
386668
386802
386824
386829
386855
386870
386973
387057
387065
387109
387129
387138
387139
387310
387329
387341
387346
387385
387484
387574
387589
387594
387609
387614
387619
387638
387651
387657
387829
387836
387849
387864
387879
387895
388114
388127
388149
388164
388181
388186
388348
388353
388379
388384
388396
388411
388419
388428
388433
388451
388464
388559
388642
388654
388659
388664
388682
388714
388903
388942
388966
389020
389025
389142
389165
389170
389182
389190
389205
389210
389222
389245
389254
389417
389429
389445
389457
389492
389497
389503
