369925
369926
369935
369936
369945
369946
369963
369964
369976
369977
369986
369987
369996
369997
370018
370019
370028
370029
370038
370039
370051
370052
370061
370062
371116
371151
371180
371342
371368
371369
371378
371379
371408
371413
371435
371538
371543
371635
371640
371645
371689
371700
371884
371909
371920
371926
371945
371956
372137
372146
372164
372176
372181
372186
372279
372333
372427
372449
372454
372466
372484
372493
372501
372679
372691
372713
372729
372745
372750
372755
372774
372779
372784
372845
372952
372966
373196
373201
373232
373250
373272
373304
373331
373456
