399669
399670
399679
399680
399689
399690
399707
399708
399720
399721
399730
399731
399740
399741
399784
399785
399794
399795
399804
399805
399824
399825
399876
399877
400393
400394
400406
400411
400429
400434
400443
400445
400456
400457
400466
400618
400627
400630
400637
400673
400685
400888
400933
400957
401129
401180
401185
401197
401216
401377
401385
401422
401434
401453
401462
401525
401645
401667
401680
401716
401724
401728
401914
401915
401944
401945
401954
401977
401985
401990
402006
402062
402067
402185
402229
402241
402454
402459
402485
402490
402499
402521
402529
402623
402694
402709
402721
402740
402752
402778
