458526
458527
458537
458538
458547
458548
458557
458558
458570
458571
458580
458581
458590
458591
458603
458604
458646
458645
458655
458656
458668
458669
458678
458679
458985
458986
458998
459003
459021
459026
459035
459036
459045
459046
459058
459059
459068
459086
459095
459098
459309
459314
459337
459345
459350
459355
459411
459417
459472
459581
459704
459775
459780
459795
459800
459808
459813
459818
459829
459833
459839
459845
459850
459858
459863
459868
459876
459882
459894
459899
459904
459922
459937
460142
460147
460172
460177
460182
460194
460195
460204
460205
460214
460219
460227
460232
460288
460293
460336
460341
460350
460408
460415
460420
460472
460541
460546
460689
460700
460704
460711
460716
460734
460739
460750
460754
460761
460780
460788
460792
460798
460802
460854
460859
460975
460980
460989
460997
461019
461024
461040
461048
461060
461065
461176
461247
461263
461271
461277
461303
461321
461372
461518
461525
461531
461551
461563
461655
461706
461711
461785
461800
461805
461810
461818
461830
461835
461840
461856
461939
461944
462061
462076
462088
462093
462243
462319
462344
462356
462364
462376
462384
462396
462401
462416
462421
462477
462482
462487
462624
462642
462654
462669
462681
462705
462800
462884
462892
462897
462926
462931
462946
462958
462967
462972
462977
463034
463039
463090
463176
463181
463204
463229
463234
463242
463251
463307
463319
463359
463365
463441
463450
463470
463495
463520
463524
463531
463690
463699
463708
463724
463732
463741
463746
463764
463776
463781
463786
463861
463873
463915
463997
464002
464007
464022
464027
464044
464049
464064
464089
464094
464099
464152
464170
464265
464270
464275
464287
464292
464312
464317
464326
464334
464352
464357
464369
464387
464396
464559
464571
464594
464609
464617
464626
464634
464639
464662
464670
464724
464841
464854
464879
464884
464907
464912
464920
464929
465110
465119
465137
465148
465152
465159
465177
465185
465194
465218
465223
465230
465236
465289
465403
465418
465423
465435
465451
465456
465464
465476
465481
465503
465511
465667
465673
465686
465691
465699
465711
465719
465724
465729
465741
465746
465764
465776
465781
465786
465803
465809
465917
465986
465996
466015
466020
466031
466035
466042
466060
466068
466072
466081
466085
466109
466113
466120
466129
466225
466330
466341
466345
466352
466357
466375
466388
466393
466415
466464
466473
466486
466523
466710
466715
466720
466761
466770
466776
466829
466834
466840
466848
466853
466858
466870
466875
466894
466906
466911
466926
466948
467002
467142
467174
467190
467195
467207
467212
467220
467226
467279
467298
467327
467332
467398
467403
467418
467433
467438
467443
467545
467590
467659
467664
467679
467684
467710
467715
467724
467732
467755
467930
467943
467961
467973
467988
467993
468001
468026
468134
468213
468222
468240
468252
468286
468335
468460
468464
468470
468474
468497
468504
468510
468514
468557
468563
468659
468664
468729
468733
468756
468760
468767
468796
468801
468806
468838
468875
468892
469019
469027
469031
469040
469044
469067
469071
469094
469098
469107
469111
469117
469121
469313
469317
469324
469344
469355
469359
469366
469384
469393
469412
469557
469605
469610
469618
469623
469638
469643
469648
469660
469665
469684
469689
469695
469700
469793
