403121
403122
403131
403132
403141
403142
403159
403160
403172
403173
403182
403183
403192
403193
403213
403214
403223
403224
403233
403234
403246
403247
403256
403257
403955
404310
404341
404361
404391
404487
404496
404499
404564
404601
404610
404629
404638
404706
404711
404828
404842
404861
404866
404878
404911
404982
405024
405097
405106
405129
405148
405173
405182
405342
405368
405369
405378
405397
405427
405522
405531
405534
405541
405652
405664
405667
405692
405693
405865
405901
405912
405916
405923
405946
405954
406011
406062
406144
406185
406193
406198
406210
