447259
447260
447270
447269
447279
447280
447297
447298
447310
447311
447347
447346
447357
447358
447371
447372
447415
447416
447425
447426
447446
447445
447455
447456
447784
447843
447872
447879
447893
447897
447904
447910
447961
447966
447971
447986
448219
448234
448239
448252
448269
448274
448282
448287
448295
448314
448413
448417
448424
448428
448434
448453
448489
448494
448499
448508
448520
448535
448804
448826
448831
448880
448885
448894
448939
448945
449016
449021
449029
449038
449046
449088
449272
449326
449354
449407
449412
449526
449531
449537
449549
449557
449562
449567
449599
449621
449803
449808
449820
449846
449858
449874
449896
449949
450070
450075
450087
450092
450097
450112
450342
450359
450364
450369
450381
450386
450394
450399
450413
450421
450492
450622
450627
450875
450891
450921
450929
450944
450949
450954
450959
451008
451017
451022
451068
451150
451155
451206
451211
451316
451405
451422
451427
451459
451518
451523
451532
451537
451657
451669
451684
452144
452152
452156
452162
452166
452175
452179
452185
452189
452195
452199
452209
452214
452219
452227
452242
452247
452252
452264
452270
452487
452509
452709
452717
452721
452730
452734
452740
452746
452764
452769
452780
452786
452791
452809
452814
452881
452896
452921
453032
453036
453060
453079
453092
453251
453262
453281
453289
453293
453316
453320
453329
453333
453339
453343
453370
453374
453383
453387
453393
453549
453557
453561
453584
453613
453621
453640
453648
453708
453952
453956
454004
454078
454086
454090
454096
454100
454109
454113
454119
454123
454129
454133
454139
454148
454153
454171
454176
454185
454204
454216
454272
454457
454554
454563
454638
454643
454654
454658
454664
454668
454674
454683
454689
454695
454710
454718
454727
454735
454740
454755
454760
454765
454781
454941
454965
455022
455198
455202
455225
455229
455235
455239
455247
455252
455258
455264
455269
455288
455293
455305
455310
455315
455330
455338
455343
455396
455401
455518
455543
455587
455653
455657
455784
455788
455816
455820
455826
455830
455836
455845
455863
455871
455879
455885
455893
455898
455913
455918
455967
455976
455981
456101
456124
456149
456175
456348
456367
456376
456394
456399
456410
456414
456420
456440
456448
456452
456461
456467
456472
456528
456571
456576
456585
456646
456651
456666
456691
456716
456743
456903
456915
456933
456942
456962
456970
456974
456983
457003
457011
457015
457021
457029
457037
457128
457133
457198
457203
457212
457227
457232
457255
457280
457347
457351
457483
457487
457511
457515
457543
457544
457553
457571
457579
457629
457635
457749
457757
457779
457805
457806
457818
457838
457847
457944
457953
457957
458037
458038
458068
458069
458098
458103
