425351
425352
425361
425362
425371
425372
425389
425390
425402
425403
425412
425413
425450
425451
425471
425474
425481
425482
425491
425492
425542
425543
425552
425553
425908
425909
425943
425944
425953
425954
425963
425964
425973
425974
426012
426013
426022
426027
426038
426044
426049
426064
426071
426086
426101
426124
426621
426626
426644
426652
426657
426669
426674
426679
426720
426733
426782
426847
426859
426875
426880
426894
426902
426917
426939
427171
427373
427436
427641
427665
427677
427764
427769
427774
427822
427826
427833
427838
427846
427851
427856
427861
427869
427874
427886
427892
427925
427999
428362
428367
428375
428380
428385
428397
428402
428408
428423
428431
428436
428448
428453
428468
428480
428668
428730
428735
428791
428796
428801
428851
428911
428916
428934
428939
428944
428951
428958
428967
428976
428981
428996
429002
429010
429331
429375
429443
429448
429456
429464
429468
429940
429941
429971
429972
429981
429986
429994
430018
430023
430079
430085
430123
430130
430135
430144
430200
430205
430224
430237
430273
430297
430489
430586
430591
430699
430707
430712
430717
430729
430734
430739
430757
430762
430774
430779
430796
430808
430829
431014
431041
431297
431306
431314
431318
431324
431328
431394
431395
431443
431444
431453
431458
431529
431534
431546
431550
431575
431580
431588
431593
431898
431942
431947
432001
432013
432021
432026
432031
432036
432044
432054
432057
432064
432065
432077
432078
432087
432088
432115
432123
432128
432133
432253
432352
432395
432566
432601
432606
432618
432623
432638
432646
432651
432656
432668
432672
432678
432682
432688
432692
432702
432707
432712
432780
432918
432934
432942
432969
433397
433406
433411
433416
433424
433429
433437
433441
433447
433458
433463
433468
433476
433491
433503
433508
433516
433521
433526
433539
433603
433782
433954
433969
433974
433989
433994
433999
434011
434030
434035
434041
434052
434056
434063
434081
434089
434093
434116
434126
434153
434157
434164
434169
434216
434550
434555
434563
434588
434592
434598
434607
434613
434628
434637
434646
434668
434813
434853
434861
434886
435336
435345
435350
435358
435363
435378
435383
435391
435396
435405
435408
435459
435460
435469
435470
435479
435480
435489
435490
435540
435545
435623
435896
435922
435926
435936
435939
435946
