406616
406617
406626
406627
406636
406637
406654
406655
406667
406668
406677
406678
406715
406716
406736
406737
406746
406747
406780
406781
406808
406809
406818
406819
407118
407177
407199
407205
407226
407230
407236
407240
407247
407251
407302
407305
407329
407330
407340
407341
407353
407358
407380
407406
407620
407625
407650
407874
407905
408107
408122
408130
408135
408140
408149
408157
408162
408179
408187
408348
408357
408361
408371
408389
408397
408401
408407
408411
408421
408426
408431
408449
408813
409114
409129
409194
409388
409413
409484
409600
409612
409617
409622
409637
409652
409657
409672
409677
409692
409700
409705
409719
409727
409732
409785
409960
409975
409987
410164
410180
410202
410207
410219
410227
410243
410248
410253
410265
410270
410433
410452
410464
410469
410491
410516
410521
410526
410534
410542
410708
410713
410758
410773
410778
410786
410855
410976
410985
411004
411016
411021
411058
411244
411253
411272
411295
411306
411310
411316
411341
411500
411505
411517
411535
411560
411579
411587
411591
411777
411795
411806
411810
411833
411854
411863
412043
412054
412082
412101
412106
412115
412119
412128
412134
412228
412238
412243
412305
412329
412352
412367
412382
412395
412501
412576
412591
412614
412619
412627
412632
412659
412663
412772
412851
412862
412866
412872
412876
412919
412923
412951
412955
413120
413139
413148
413191
413294
413298
413304
413380
413389
413409
413421
413439
413448
413646
413671
413675
413760
413764
413882
413886
413892
413896
413902
413906
413915
413919
413943
413948
413956
413980
413997
