414309
414312
414319
414320
414329
414330
414348
414347
414360
414361
414370
414371
414408
414409
414429
414430
414439
414440
414449
414450
414500
414501
414510
414511
414911
414970
415004
415008
415015
415018
415025
415026
415035
415036
415076
415077
415086
415087
415096
415097
415109
415168
415177
415182
415416
415428
415444
415470
415478
415568
415576
415580
415631
415635
415641
415645
415651
415655
415661
415940
415968
415971
415978
415979
415991
415996
416052
416091
416099
416103
416110
416113
416166
416169
416176
416181
416189
416212
416234
416267
416272
416691
416703
416718
416723
416735
416740
416759
416764
416769
416811
416814
416835
416840
416845
416890
416961
416966
416979
417367
417486
417498
417513
417615
417702
417710
417718
417722
417964
417983
417994
417998
418004
418008
418015
418018
418028
418033
418038
418047
418052
418068
418073
418078
418086
418095
418100
418260
418513
418537
418548
418554
418575
418580
418691
418692
418759
418758
418768
418788
418797
418798
418810
418811
418820
418821
418830
418831
418840
418848
418853
419314
419332
419337
419342
419347
419358
419362
419369
419374
419382
419387
419402
419407
419415
419420
419428
419432
419442
419505
419546
419551
419556
419626
419638
420025
420109
420117
420125
420129
420136
420155
420167
420187
420196
420201
420260
420428
420443
420451
420477
420498
420507
420515
420609
420614
420684
420702
420710
420714
420722
420730
420746
420758
420779
420788
420796
420852
420902
420978
420987
421009
421017
421036
421047
421067
421076
421080
421245
421249
421256
421275
421287
421291
421298
421303
421322
421334
421351
421364
421369
421466
421690
421695
421703
421710
421760
421765
421770
421778
421783
421799
421804
421809
421817
421822
421831
421840
421845
421860
421872
421890
421902
421907
422102
422195
422303
422309
422317
422322
422331
422339
422344
422359
422368
422373
422381
422385
422395
422400
422405
422423
422430
422442
422447
422462
422515
422520
422677
423136
423141
423163
423175
423588
423826
423830
423836
423855
423867
423871
423877
423881
423887
423891
423897
423901
423910
423914
423921
423925
423931
423935
423945
423950
423972
424148
424210
424408
424420
424438
424443
424450
424456
424460
424467
424471
424480
424484
424490
424494
424500
424504
424513
424517
424523
424527
424534
424561
424576
424773
