395382
395383
395392
395393
395402
395403
395412
395413
395432
395433
395442
395443
395458
395459
395471
395472
395482
395483
395492
395493
395505
395506
395515
395516
396488
396489
396578
396579
396606
396607
396616
396617
396629
396630
396639
396657
396666
396667
396679
396684
396747
396867
396912
396941
397153
397179
397343
397349
397372
397392
397404
397437
397600
397608
397616
397620
397626
397635
397651
397659
397667
397691
397717
397725
397820
397908
397917
397922
397960
397972
397988
398162
398180
398190
398226
398231
398302
398308
398348
398442
398451
398456
398491
